0.001001
0.001001
0.001002
0.001003
0.001003
0.001003
0.001004
0.001004
0.001004
0.001004
0.001004
0.001004
0.001005
0.001005
0.001005
0.001006
0.001006
0.001006
0.001007
0.001007
0.001007
0.001007
0.001007
0.001008
0.001008
0.001008
0.001009
0.001009
0.001009
0.001009
0.001009
0.001009
0.00101
0.00101
0.001011
0.001011
0.001011
0.001012
0.001013
0.001013
0.001014
0.001014
0.001014
0.001014
0.001014
0.001015
0.001015
0.001015
0.001015
0.001016
0.001016
0.001016
0.001016
0.001016
0.001016
0.001016
0.001017
0.001017
0.001017
0.001017
0.001018
0.001018
0.001019
0.00102
0.001022
0.001023
0.001024
0.001024
0.001025
0.001025
0.001026
0.001026
0.001028
0.001028
0.001031
0.001032
0.001032
0.001033
0.001033
0.001034
0.001036
0.001037
0.001039
0.00104
0.001041
0.001042
0.001042
0.001045
0.001047
0.001047
0.001049
0.001052
0.001055
0.001056
0.001056
0.001062
0.001062
0.001068
0.001071
0.00109
