0.006986
0.006986
0.006988
0.006988
0.006991
0.006993
0.006994
0.006999
0.007
0.007
0.007001
0.007001
0.007002
0.007003
0.007003
0.007004
0.007005
0.007005
0.007006
0.007006
0.007006
0.007006
0.007007
0.007007
0.007008
0.007008
0.007009
0.007009
0.00701
0.007012
0.007013
0.007015
0.007015
0.007015
0.007016
0.007016
0.007018
0.007019
0.00702
0.00702
0.007021
0.007022
0.007023
0.007023
0.007025
0.007025
0.007025
0.007026
0.007027
0.007027
0.007028
0.007029
0.007031
0.007031
0.007032
0.007033
0.007034
0.007036
0.007036
0.007037
0.007037
0.007039
0.007041
0.007042
0.007042
0.007043
0.007043
0.007043
0.007043
0.007044
0.007045
0.007045
0.007046
0.007053
0.007054
0.007055
0.007057
0.007059
0.007059
0.00706
0.007061
0.007062
0.007065
0.007066
0.007073
0.007073
0.007074
0.007079
0.007081
0.007084
0.007101
0.007101
0.007102
0.007105
0.007105
0.00711
0.007112
0.007142
0.007147
0.007187
