0.001
0.001
0.001
0.001
0.001
0.001
0.001
0.001
0.001
0.001
0.001
0.001
0.001
0.001
0.001
0.001
0.001001
0.001001
0.001001
0.001001
0.001001
0.001001
0.001001
0.001001
0.001001
0.001001
0.001001
0.001001
0.001001
0.001001
0.001001
0.001002
0.001002
0.001002
0.001002
0.001002
0.001002
0.001002
0.001002
0.001002
0.001002
0.001002
0.001002
0.001002
0.001002
0.001003
0.001003
0.001003
0.001003
0.001005
0.001014
0.001015
0.001017
0.001021
0.001023
0.001024
0.001026
0.00103
0.001031
0.001032
0.001033
0.001033
0.001035
0.001036
0.001036
0.001036
0.001038
0.001038
0.001039
0.00104
0.00104
0.001041
0.001042
0.001043
0.001043
0.001043
0.001044
0.001045
0.001045
0.001046
0.001047
0.001047
0.001047
0.001047
0.001048
0.001048
0.001048
0.001048
0.001048
0.001049
0.001056
0.001058
0.001059
0.00106
0.001081
0.001087
0.001091
0.00111
0.001114
0.001162
