0.001
0.001
0.001
0.001
0.001
0.001
0.001
0.001
0.001001
0.001001
0.001001
0.001001
0.001001
0.001001
0.001001
0.001001
0.001001
0.001002
0.001002
0.001002
0.001002
0.001002
0.001002
0.001002
0.001003
0.001003
0.001003
0.001003
0.001003
0.001003
0.001003
0.001003
0.001004
0.001004
0.001004
0.001004
0.001004
0.001004
0.001005
0.001005
0.001006
0.001007
0.001007
0.001007
0.001007
0.001008
0.001008
0.00101
0.00101
0.00101
0.00101
0.00101
0.00101
0.00101
0.00101
0.001011
0.001011
0.001012
0.001012
0.001012
0.001013
0.001013
0.001013
0.001013
0.001014
0.001015
0.001015
0.001017
0.001017
0.001017
0.001018
0.001022
0.001023
0.001024
0.001025
0.001026
0.001027
0.00103
0.001032
0.001036
0.001036
0.00104
0.001042
0.001045
0.001046
0.001047
0.001047
0.001048
0.00105
0.001053
0.001054
0.001057
0.00106
0.001068
0.001071
0.001072
0.001079
0.001082
0.001096
0.001111
