0.048151
0.048177
0.048192
0.048202
0.048216
0.048219
0.048274
0.048276
0.048279
0.04829
0.048294
0.048301
0.048311
0.048325
0.048388
0.048388
0.048389
0.048403
0.048412
0.048438
0.048439
0.048461
0.048475
0.048501
0.048509
0.048535
0.048559
0.048562
0.048592
0.048617
0.048621
0.04864
0.048694
0.048756
0.04878
0.048795
0.048797
0.048849
0.048875
0.048887
0.048905
0.048919
0.048923
0.04894
0.048994
0.049003
0.049056
0.049122
0.049147
0.049167
0.049234
0.049355
0.049377
0.049449
0.049588
0.049589
0.049622
0.049655
0.0498
0.049883
0.049939
0.049943
0.050017
0.05011
0.050124
0.050138
0.05017
0.050323
0.050455
0.050457
0.050495
0.050551
0.050616
0.050616
0.050766
0.050771
0.050818
0.050845
0.050849
0.050901
0.050939
0.051013
0.051051
0.051085
0.05115
0.05124
0.05125
0.051309
0.051409
0.051547
0.051581
0.051735
0.052029
0.05217
0.052254
0.052592
0.052832
0.052875
0.052959
0.052993
