0.001007
0.001009
0.00101
0.00101
0.00101
0.001012
0.001012
0.001013
0.001013
0.001014
0.001014
0.001014
0.001015
0.001016
0.001016
0.001016
0.001016
0.001017
0.001017
0.001018
0.001019
0.001019
0.001019
0.001019
0.00102
0.00102
0.00102
0.001021
0.001021
0.001022
0.001022
0.001022
0.001022
0.001022
0.001023
0.001023
0.001023
0.001026
0.001026
0.001027
0.001027
0.001027
0.001028
0.001028
0.00103
0.001031
0.001031
0.001033
0.001035
0.001037
0.001037
0.001038
0.001038
0.001038
0.001039
0.00104
0.001041
0.001042
0.001043
0.001045
0.001046
0.001046
0.001047
0.001048
0.001049
0.00105
0.001051
0.001052
0.001052
0.001052
0.001052
0.001053
0.001054
0.001055
0.001055
0.001057
0.001059
0.001059
0.001061
0.001061
0.001068
0.001069
0.001071
0.001071
0.001074
0.001085
0.001087
0.001089
0.001092
0.001096
0.001096
0.001098
0.001104
0.001106
0.001118
0.00112
0.001124
0.001151
0.00116
0.001186
